"id","prob_A","prob_B","prob_C","prob_D","prob_E"
1,0.0520925428518317,0.339375820796867,0.251037666637312,0.323048385075441,0.0344455846385478
2,0.00307225861707233,0.0208331240698351,0.215121039408856,0.313617290397556,0.447356287506681
3,0.0911489635072841,0.469987846874922,0.265461034708487,0.129314176887667,0.0440879780216407
4,0.388440507107014,0.47538084487617,0.0756995015656732,0.0417167310032724,0.0187624154478718
5,0.0898996736861613,0.600051811865085,0.17348930275139,0.135357517320444,0.00120169437691954
6,0.0574152890259425,0.508680661746104,0.357967698089724,0.0744806040604592,0.00145574707777105
7,0.123528052261748,0.241458401039379,0.307133949484493,0.204815061066148,0.123064536148232
8,0.203934721262651,0.549350459639877,0.184453386520522,0.0585483644695847,0.00371306810736502
9,0.109729146683034,0.250508451092312,0.423773835562099,0.193373143007283,0.0226154236552711
10,0.000265510432147332,0.0835864974667622,0.072843261698562,0.812466471340281,0.0308382590622493
11,0.516376140867011,0.291071310630342,0.148115226887064,0.0297435986718596,0.0146937229437229
12,0.000576226551226551,5.68181818181818e-05,0.0131674857113536,0.137459806756257,0.848739662799346
13,0.449970377568161,0.140619628579669,0.160884565603948,0.212496009056303,0.0360294191919192
14,0.00114358727021771,0.00148499814749815,0.00256655674590457,0.0420586948199944,0.952746163016386
15,0.000291666666666667,0.000166666666666667,0.00711249837842513,0.0672303585309232,0.925198809757318
16,0.0404548207677963,0.102688452503812,0.255243797686013,0.263579225627086,0.338033703415292
17,0.0528002351151265,0.0800131417187567,0.0986727740299365,0.307330411479347,0.461183437656834
18,0.328049286987522,0.351804013878278,0.11368051948052,0.12911516955267,0.0773510101010101
19,0.0837773682631465,0.071204294578768,0.231801218635675,0.309398543626772,0.303818574895639
20,0.00158929212323309,0.030808537857411,0.352011537620935,0.613751422635667,0.00183920976275409
21,0.000961401293638136,0.0204557933825429,0.145242099712555,0.14604193261181,0.687298772999454
22,0.0227295018836055,0.18807345610907,0.60778731007845,0.159523558656479,0.021886173272396
23,0.0038744245290392,0.00638101877666194,0.211573925742902,0.760840605908823,0.0173300250425738
24,0.0160694654997485,0.0201136321311914,0.200142867077272,0.19326972596752,0.570404309324268
25,0.0744719315610007,0.744465049085182,0.135499162946924,0.010251109813725,0.0353127465931692
26,0.0319265332253778,0.0904726962673166,0.526660245087541,0.324303213523859,0.0266373118959056
27,0.00118432121323632,0.0178593263363874,0.0793862797668985,0.299157278381439,0.602412794302039
28,0.0341111321909862,0.165952089422831,0.390374026241302,0.37016188474814,0.0394008673967408
29,0.000578991841491841,0.00894604826645681,0.198248959245792,0.631329941691488,0.160896058954773
30,0.0587504633031176,0.252106557848779,0.538188550349747,0.102290245245522,0.0486641832528341
31,0.754874935944037,0.134577576458172,0.102282563767668,0.00623259529264747,0.0020323285374756
32,0.0204022887532877,0.0346564763763214,0.181584859441783,0.522323453183331,0.241032922245278
33,0.00684771848888125,0.105503922991447,0.177018126873159,0.269266172619057,0.441364059027457
34,0.0809574338711031,0.101145555805012,0.719061997713598,0.0874158736675875,0.0114191389427018
35,0.405588529428181,0.438629067556262,0.0917742887785309,0.0174474079206024,0.0465607063164235
36,0.759699827151163,0.196601013493174,0.032738475942166,0.00911923614314999,0.00184144727034682
37,0.103615807682505,0.302274936906636,0.32153757890064,0.084182645762456,0.188389030747763
38,0.00517644322927342,0.03517181513769,0.135130843628417,0.140978670599604,0.683542227405017
39,0.220700834552568,0.528891298786281,0.208893255451158,0.0393426096089257,0.00217200160106695
40,0.00125956875045858,0.0062728802941531,0.0271492871853549,0.235411883597272,0.729906380172763
41,0.0372675892734797,0.412582692819653,0.446951942032989,0.0799497711580796,0.0232480047157994
42,0.135202654348611,0.291488504733028,0.449065759713248,0.112154669436008,0.0120884117691037
43,0.000400054112554113,0.00256777162231708,0.083980771714981,0.717507897748617,0.195543504801532
44,0.0155897418461924,0.147556517521781,0.430544074440499,0.311184155951308,0.095125510240219
45,0.120104912749238,0.461994694036717,0.274991867472345,0.115721418462648,0.0271871072790505
46,0.0178513389437837,0.000284350600600601,0.00181233721416124,0.129247066969737,0.850804906271719
47,0.0939908339722809,0.458643413767299,0.382270212976934,0.0578092132226671,0.00728632606081896
48,0.526338881095935,0.423670571712881,0.0428935636672444,0.00627000293823684,0.000826980585701641
49,0.0550900207829396,0.208280740006718,0.519128672211953,0.152702651771874,0.064797915226515
50,0.620968660120746,0.231529924951645,0.0574227122493558,0.0551069133925147,0.0349717892857383
51,0.601589949700376,0.33325820287804,0.0427551672742463,0.00895378692944482,0.0134428932178932
52,0.108226809402492,0.390759493414753,0.341027016839572,0.146829279937681,0.0131574004055017
53,0.00493547754072994,0.0258648175033472,0.309056148980687,0.568614523932585,0.0915290320426511
54,0.0067434628156144,0.0769563583019582,0.181355584752901,0.317458940244912,0.417485653884615
55,0.0340960033005786,0.172269492036603,0.489995022782931,0.19130436202329,0.112335119856596
56,0.173798510948245,0.446891533075128,0.226130501624195,0.102518284992081,0.0506611693603493
57,0.0254136689561692,0.0275309039191193,0.143348851647918,0.509494908955827,0.294211666520966
58,0.281345368004924,0.591827214351773,0.0919997089216179,0.00583891140683779,0.0289887973148477
59,0.496496428912893,0.453788565269286,0.0409442472313633,0.00790151031398874,0.000869248272469219
60,0.211528872561667,0.598580927112129,0.127546532802524,0.0434894402453749,0.0188542272783048
61,0.288618137219341,0.29142504517946,0.326348835960526,0.0642928883243781,0.0293150933162947
62,0.00523636765694859,0.0645451554525096,0.160636796951013,0.510556175622888,0.259025504316641
63,0.0155559911393316,0.118619723703817,0.235792441567789,0.546373563465445,0.0836582801236186
64,0.00665904506101618,0.0367251324263269,0.18081806007092,0.323206381605194,0.452591380836542
65,0.0849638725107467,0.172085357171951,0.657306822263452,0.079474633971143,0.0061693140827069
66,0.00305781986820049,0.00483994516433812,0.0869089288137643,0.589933708254822,0.315259597898874
67,0.157937197866405,0.428598885053075,0.344977606127967,0.0128059085794819,0.0556804023730707
68,0.0694701869870249,0.0985338357949005,0.454598402749615,0.348785792944961,0.0286117815234991
69,0.0352709126910479,0.0552313939316568,0.0570573332462334,0.48048860247265,0.371951757658413
70,0.0910896077992217,0.31283511760702,0.351937195747663,0.211106538302611,0.0330315405434842
71,0.0107641439788724,0.0114955250495692,0.0582912634824553,0.617525169704291,0.301923897784813
72,0.0194510335181388,0.0140443292403819,0.00251412873912874,0.0873581341252395,0.876632374377112
73,0.0117739066793984,0.015009870501176,0.212714888900012,0.721451010564147,0.0390503233552674
74,0.00208658115824555,0.00627173735272722,0.0138916935815405,0.115864296947739,0.861885690959749
75,0.0396478200479688,0.17932619587128,0.234540198122235,0.462507654556703,0.0839781314018131
76,0.00069668458781362,0.00471674209628755,0.101053747183179,0.495182498594401,0.398350327538321
77,0.00149262232026165,0.00266976304313627,0.315834539353852,0.537044749761957,0.142958325520793
78,0.02121309111433,0.0876053258872534,0.0623325913321175,0.118759589720541,0.710089401945759
79,0.047580877323897,0.240429213045893,0.154672723410602,0.469941419832619,0.0873757663869886
80,0.0877481260950182,0.0430007614713377,0.169128525535263,0.317935359128167,0.382187227770214
81,0.148828732345396,0.215169056636293,0.285522713662467,0.216811417982549,0.133668079373294
82,0.0727429726356606,0.576564705659568,0.233682663266723,0.115965569065348,0.00104408937269942
83,0.739644111213055,0.168457160744534,0.0442145756102151,0.0381839395253752,0.00950021290682071
84,0.155571860671611,0.463660078404917,0.304929866143257,0.0583258251526541,0.0175123696275595
85,0.0163037824599301,0.185520962057303,0.507838832593011,0.23423390302904,0.0561025198607156
86,0.126682733121506,0.174173107607701,0.328393355156971,0.316608172581978,0.0541426315318444
87,0.24553544483931,0.475285603769464,0.186046912488445,0.0656272210130847,0.0275048178896963
88,0.00436817516832931,0.00318340587843415,0.0318583743995961,0.0789904971039268,0.881599547449714
89,0.632815610658495,0.296935437296202,0.0522301656236027,0.0149644122354884,0.00305437418621187
90,0.0326373316498317,0.0696296711792983,0.231203439472347,0.553262144466301,0.113267413232223
91,0.00358284880364363,0.0549396196131897,0.0514532157488792,0.220663986169194,0.669360329665094
92,1e-04,0.00195968614718615,0.0630608991047025,0.530027061581529,0.404852353166583
93,0.0222808576036421,0.174188305597909,0.362337180895454,0.429552843130997,0.0116408127719984
94,0.00094168125781029,0.00840589343452247,0.0343355290766581,0.156211572164395,0.800105324066616
95,0.0146145751270518,0.141526135244071,0.0290921831607705,0.539913931297371,0.274853175170734
96,0.0776516429083195,0.298829681581578,0.29128784090335,0.311599243395736,0.0206315912110161
97,0.201608132146254,0.592608210477936,0.15247846789138,0.050400534214651,0.00290465526977958
98,0.0498137830755436,0.221471401323499,0.415781138985943,0.194197069885795,0.118736606729219
99,0.0248069009718793,0.13479893626564,0.549732455128312,0.279005454475024,0.0116562531591444
100,0.030907570061647,0.35879649578103,0.538578036659442,0.0671770813303371,0.00454081616754393
101,0.174395197694413,0.331159764127652,0.264949971061692,0.187377017166972,0.0421180499492705
102,0.0717494125665466,0.369737875430141,0.470478566626593,0.0293220161723129,0.0587121292044071
103,0.00122992649406375,0.0318294306031239,0.0711163637952819,0.156529280545946,0.739294998561586
104,0.135054756678256,0.480497915129267,0.306534285252849,0.0768795051810908,0.00103353775853776
105,0.0967740278886654,0.698298543863622,0.156020982494404,0.0413737022209227,0.00753274353238654
106,0.00394966551972077,0.0373701677463122,0.793823362532567,0.163570966618269,0.00128583758313306
107,0.0384953566300086,0.194994033950212,0.561031833261828,0.173612734083778,0.0318660420741737
108,0.326929127552086,0.533661938389186,0.110628543616762,0.016758866659841,0.012021523782125
109,0.00305676860464923,0.0184188979486,0.0520061838770594,0.283548897400271,0.64296925216942
110,0.0111145719138548,0.00234452359163763,0.0282760098434069,0.399457426937353,0.558807467713747
111,0.00924706965590265,0.00225098865331334,0.00696263057268731,0.202682766340978,0.778856544777119
112,0.0396713747822508,0.868698609667713,0.045725468569018,0.0233573919121502,0.0225471550688687
113,0.598102287148784,0.258619699691771,0.130595984410282,0.0113459391782362,0.00133608957092717
114,0.40799279420772,0.523187531299069,0.0449076591650638,0.017691466954317,0.00622054837383062
115,0.216042176916553,0.684850448146669,0.0725134720628231,0.0218161521524543,0.00477775072150072
116,0.00720736935049814,0.0377807515621884,0.499140207207745,0.374268725189997,0.0816029466895705
117,0.284739502903886,0.593406452749799,0.0992732146261089,0.0186128374718194,0.00396799224838686
118,0.19908068848197,0.249539174848656,0.184567124687455,0.241482658820975,0.125330353160944
119,0.0836714748077508,0.417808053119118,0.357671186200532,0.13983373078668,0.0010155550859184
120,0.0094586208161097,0.0277494685724366,0.0734014876854005,0.288908459861004,0.600481963065049
121,0.171212213162368,0.720281376892309,0.0985506028708162,0.00545497472846294,0.00450083234604558
122,0.00598396976057243,0.105446667672691,0.20272642488776,0.67991836783486,0.00592456984411772
123,0.0029096731971732,0.00544788128538128,0.0140552823266059,0.0746168548499431,0.902970308340896
124,0.0203022665196168,0.207600868547784,0.680802098328205,0.00907280390866387,0.0822219626957307
125,0.00230076211114273,0.00901238640458841,0.0386571840263354,0.233545761934205,0.716483905523729
126,0.154851404329876,0.47007445225428,0.30963388065644,0.0107308321471297,0.0547094306122734
127,0.0308362915634739,0.135505899233923,0.365315107107593,0.41874896557786,0.0495937365171494
128,0.00425143298278601,0.00591617064663903,0.267157752511754,0.656172242992496,0.0665024008663248
129,0.0587576544949361,0.643590155321549,0.190868502612633,0.0674201614576912,0.0393635261131915
130,0.00309454686654145,0.0423840084109103,0.0471127949219541,0.270879775726825,0.636528874073769
131,0.149175843344887,0.721494195590553,0.118697547988529,0.010141906718708,0.000490506357323594
132,0.0118670420788425,0.195297683522585,0.30621025685221,0.397865857470639,0.0887591600757225
133,0.0757837808182752,0.0957253354504966,0.402717255554931,0.344162879258487,0.0816107489178102
134,0.0226157980021437,0.26949474853503,0.260822284508912,0.179933917911828,0.267133251042086
135,0.301261028409237,0.545696087520057,0.118760525095431,0.0126313976757984,0.021650961299476
136,0.0424187276942032,0.113782173548849,0.251235316255164,0.274834915040012,0.317728867461771
137,0.00236986944299251,0.057513667222235,0.0875195293256683,0.488633165755794,0.36396376825331
138,0.245912946522382,0.502314213130522,0.195788529998531,0.0496048251630734,0.00637948518549019
139,0.522029398795794,0.362750923020495,0.108964474215366,0.0053294624213829,0.000925741546962602
140,0.0908385741629433,0.158025538317304,0.468154442092352,0.263859489096397,0.019121956331002
141,0.00298536367098674,0.0764046366249712,0.0539395037422377,0.21677567058401,0.649894825377795
142,0.698311962535492,0.250922509432905,0.0195439956964773,0.0290205906206979,0.00220094171442833
143,0.0556333105624643,0.114884370888209,0.236478964744167,0.23598666792062,0.357016685884539
144,0.144887322774179,0.284883781440619,0.47057515941755,0.0951987055707654,0.00445503079688582
145,0.0533651267663496,0.0252072561119436,0.0460838831708945,0.290560092847544,0.584783641103268
146,0.11098982843174,0.327066346359046,0.459951454445735,0.0944251807504487,0.00756719001303125
147,0.0880433293409747,0.521997769888524,0.309516989867409,0.0775326276582072,0.00290928324488451
148,0.0207799827778355,0.790562887455601,0.0719770472507296,0.0911108540269962,0.0255692284888375
149,0.00286582698910285,0.0397414997376545,0.180264239618155,0.17072988018646,0.606398553468629
150,0.0909713802122209,0.363235179380007,0.260432956100413,0.152432359307359,0.132928125
151,0.00416021406215068,0.0370866586631305,0.116891821960863,0.716927483539594,0.124933821774263
152,0.0521768598455956,0.0272737250322777,0.0223359307359307,0.251548577017313,0.646664907368883
153,0.00865184373172246,0.142359925849504,0.668580911834738,0.148460373200492,0.0319469453835444
154,0.00746753872982562,0.0124947022536536,0.0578508170163872,0.238171477858268,0.684015464141866
155,0.0163303469740848,0.0132631184429582,0.189609408117447,0.45210274673888,0.328694379726631
156,0.0143178826979751,0.13113501318847,0.614022685198642,0.16784443202916,0.072679986885753
157,0.0316868257669386,0.204765650480467,0.273001692698483,0.332343667242778,0.158202163811333
158,0.128651662915237,0.281971139764335,0.507039977901741,0.0804505028273503,0.00188671659133606
159,0.10998290667876,0.520475934430381,0.194198344479557,0.0956101432436067,0.0797326711676955
160,0.00344207719601555,0.00438914482664483,0.0216341643218575,0.341788358197424,0.628746255458058
161,0.00120150247941443,0.0238394161972679,0.0179215555039614,0.374204462823313,0.582833062996043
162,0.20766652937097,0.0280570136576387,0.171506263519877,0.472904563288489,0.119865630163026
163,0.03003117150312,0.445150275970524,0.401201649005723,0.0901033932291737,0.0335135102914592
164,0.0359910559332323,0.59290628833365,0.29045917180677,0.0727742513266971,0.00786923259965175
165,0.195272558252618,0.59369761006917,0.196045535671437,0.0144473210140722,0.000536974992703582
166,0.822624413910853,0.146877750090486,0.0224944985098484,0.00321959340237821,0.00478374408643396
167,0.00589647224120908,0.0392666625941792,0.107627649316285,0.731724368656825,0.115484847191505
168,0.0416885522086229,0.126072546925212,0.107605793556733,0.378222773782941,0.346410333526491
169,0.0988646994194992,0.208993112008922,0.37572595218293,0.203874733008987,0.112541503379661
170,0.0301414247307553,0.127336086579657,0.749685365202601,0.0794334571796901,0.0134036663072989
171,0.0940547627830693,0.107604459628636,0.311121281783833,0.455410249304211,0.0318092465002505
172,0.0234244454836565,0.173614969012813,0.329300527693358,0.440010588523763,0.0336494692864093
173,0.122077090645881,0.196653799090789,0.364632186007592,0.179901090622735,0.136735833633003
174,0.281293290823661,0.572074483134724,0.128263156897225,0.0111637958532695,0.00720527329112083
175,0.0227842432724398,0.149084021199842,0.450403656342813,0.316602156794314,0.061125922390592
176,0.000658813700918964,0.00129460882191145,0.00837839641589642,0.0082748729419782,0.981393308119295
177,0.000992352092352092,0.000605772005772006,0.00525815470371922,0.270941260309591,0.722202460888567
178,0.0745317517535626,0.233123584385803,0.200689777470742,0.391593065449251,0.10006182094064
179,0.072756624977249,0.695753509564497,0.165537285697734,0.0652642052700613,0.000688374490458757
180,0.0614285944680079,0.337398164157875,0.496509658401683,0.0838676747834797,0.0207959081889538
181,0.193948856503614,0.151135312118989,0.436891527823281,0.191048411260899,0.026975892293216
182,0.0101393509025088,0.0257576623525798,0.0402964362469601,0.25026061683254,0.673545933665412
183,0.219144431926333,0.627763100669941,0.0751140237754583,0.0551668690792286,0.0228115745490393
184,0.105885700502245,0.618749674579726,0.26697370111853,0.00822912888499881,0.000161794914501443
185,0.0673281202661114,0.353243838143563,0.502530911723656,0.0726749130641154,0.00422221680255491
186,0.143868747536264,0.447423514323134,0.342039647074743,0.0484055157145379,0.0182625753513212
187,0.0582033229235887,0.140192918473569,0.374868240488251,0.398771289841145,0.0279642282734466
188,0.012419867253829,0.0211440503194272,0.155954046906012,0.610226090757768,0.200255944762963
189,0.0691905901426594,0.310410731459791,0.228047223757365,0.316248980617865,0.0761024740223195
190,0.0181063311688312,0.0112941378066378,0.00246809163059163,0.0334967744673627,0.934634664926577
191,0.0499633921099739,0.266105470860293,0.401991123822637,0.176093521903363,0.105846491303733
192,0.0161351315649811,0.0300811835150206,0.282027940341676,0.408239418922246,0.263516325656076
193,0.301961868686869,0.513381204906205,0.0982690656565657,0.0415133838383839,0.044874476911977
194,0.00309147313254378,0.00568747041901715,0.0833278510007769,0.57805196671043,0.329841238737233
195,0.0213800624607947,0.241421316277356,0.181602366809435,0.326720432348624,0.22887582210379
196,0.257965351258799,0.56405820173541,0.142433558724917,0.0177192903095665,0.017823597971307
197,0.00158760046570585,0.0235390838822882,0.17648996569618,0.64992824514596,0.148455104809866
198,0.0355160298564109,0.0577661548043345,0.695349135595543,0.20086942249029,0.010499257253423
199,0.927604316848504,0.0636810231971983,0.00530500476829087,0.00334715518600822,6.25e-05
200,0.0235054326876781,0.0321290476523608,0.166130702562035,0.416555889856008,0.361678927241917
201,0.00296440694204922,0.0190766699983438,0.105440264110656,0.348923241846819,0.523595417102131
202,0.174428818425165,0.234314818036276,0.23597742273784,0.0913308923868319,0.263948048413886
203,0.0872331749637671,0.0943131513478314,0.707356879674126,0.0903031225260255,0.0207936714882508
204,0.0130284456062356,0.271848574835616,0.130073345597602,0.452370054596495,0.132679579364052
205,0.224066080627171,0.49017966000311,0.248414116714979,0.0252129156978223,0.0121272269569168
206,0.00289796095217675,0.0274423607593708,0.178097946448111,0.338560231733668,0.453001500106674
207,0.00248499884630084,0.0198520191556279,0.189896337889045,0.512963985553257,0.274802658555769
208,0.0247986037867101,0.457131142278987,0.24381868516382,0.139480443173825,0.134771125596657
209,0.0015563809478193,0.00302306068080381,0.0112813973684673,0.211687023358949,0.772452137643962
210,0.00871087495837496,0.106674833605159,0.0442072323224878,0.121587327674046,0.718819731439933
211,0.274830700342941,0.452770229526234,0.19506635856921,0.0665162504261453,0.0108164611354698
212,0.0195807514803205,0.132216399477708,0.18048079306059,0.270023043908326,0.397699012073055
213,0.0213899711399712,0.126542085576461,0.423183082633423,0.301977673494612,0.126907187155532
214,0.0210709802956091,0.142796292342906,0.536835390468389,0.297023723023305,0.00227361386979034
215,0.28530155096628,0.540884122554931,0.106990907718109,0.0219385110095247,0.0448849077511552
216,0.124118276718069,0.359467331225899,0.462793452508416,0.0469673472462574,0.00665359230135946
217,0.0589401167813669,0.25046285022153,0.46632636894166,0.128673906904642,0.0955967571508013
218,0.0128334479020848,0.0724123495709135,0.066070594318411,0.821142356171006,0.0275412520375856
219,0.102282444690435,0.487430920108586,0.38154821614745,0.0273359793975695,0.00140243965595988
220,0.0437670568054227,0.035109814173159,0.0607581201363381,0.310669299697756,0.549695709187323
221,0.196787227890002,0.568912602257469,0.219868478998576,0.00980160483265476,0.00463008602129831
222,0.00729853243926278,0.0529027690466353,0.2705238766991,0.515433051143179,0.153841770671823
223,0.000403064213564214,0.00414129672327874,0.172572631026662,0.734379864213642,0.0885031438228531
224,0.0540178705054962,0.133238151375815,0.524001255719458,0.225590107923409,0.0631526144758233
225,0.231561230705364,0.467526249867148,0.122602667289433,0.132222523222116,0.046087328915938
226,0.00213489056591093,0.0143599578937306,0.0419506080643491,0.207813641067416,0.733740902408594
227,0.0166359187033937,0.032289595580334,0.146785709274038,0.381364140070922,0.422924636371312
228,0.207137589308523,0.254268105656409,0.0778849620677576,0.326172843572694,0.134536499394616
229,0.00111513435435024,0.00873261739156541,0.0163715938710532,0.168722656871706,0.805057997511326
230,0.00170173944144968,0.0201279269588788,0.148195735836595,0.736079638368615,0.0938949593944644
231,0.0965715006573196,0.786575501280888,0.0948276958552639,0.0195023648704713,0.00252293733605953
232,0.398714960041926,0.368292394348364,0.131319003026324,0.0954264709114622,0.0062471716719231
233,0.00114297870004392,0.000141666666666667,0.0143650132537132,0.128760516915471,0.855589824464106
234,0.159089110417533,0.269073461549006,0.353621810620315,0.186717128490896,0.0314984889222481
235,0.0552304290143424,0.117790991676225,0.189527243834494,0.403903316302629,0.233548019172308
236,0.286077700956986,0.598752528409762,0.0709551014995966,0.00869613769433218,0.0355185314393234
237,0.0823792175896316,0.312998078381451,0.438668150833943,0.126294095459335,0.0396604577356401
238,0.0364449410443764,0.10322045925528,0.296947299977993,0.252261529908842,0.311125769813509
239,0.000144057061539381,0.10387546193433,0.290036097281743,0.557164479112093,0.0487799046102951
240,0.0139885765368844,0.252911770128161,0.539441385458317,0.188860701594206,0.00479756628243146
241,0.216904907343482,0.602308555116528,0.156633910834444,0.0225098958122074,0.00164273089333849
242,0.074927270071541,0.272962643275802,0.386019490295435,0.226227546352885,0.0398630500043365
243,0.320671203990477,0.436107797547264,0.153181444133238,0.0728382799195444,0.0172012744094771
244,0.637679824515491,0.350381146639628,0.00928481828729461,0.00239442919970288,0.000259781357882624
245,0.120431335935021,0.455703969093579,0.351566514712444,0.0671320978490203,0.00516608240993477
246,0.606113042067581,0.311158719558812,0.0566491676172764,0.0234542765055496,0.00262479425078087
247,0.118236880271365,0.542219158768415,0.270958914101182,0.0630674100106263,0.00551763684841235
248,0.160637120436184,0.157742243018486,0.403407173765255,0.222324287599881,0.0558891751801946
249,0.887320918032294,0.0971214398441193,0.00622906617004982,0.00903690928687058,0.000291666666666667
250,0.0712342098337778,0.0336886211643091,0.0812422948947262,0.294977182843853,0.518857691263334
251,0.128445379581043,0.727604643709005,0.112449571446703,0.0284548637737108,0.00304554148953857
252,0.0197345583814334,0.0405949673352247,0.155738104699998,0.690984860420533,0.0929475091628118
253,0.00052056178608515,0.0475073470932299,0.136244778768547,0.778351881156111,0.0373754311960282
254,0.0928497865577669,0.0914379498899374,0.110251969714608,0.567998202690332,0.137462091147356
255,0.154226468046754,0.319925154900252,0.414859856439989,0.0702456823402478,0.0407428382727576
256,0.0615329860794479,0.0353761856538795,0.293330302930964,0.420125882429603,0.189634642906106
257,0.074455757536412,0.438448476338503,0.46904027328155,0.0178574006781747,0.00019809216536055
258,0.507483181816581,0.355191217657101,0.0970099050283206,0.0363190284494728,0.00399666704852576
259,0.0999272441227839,0.24207020001404,0.487223554495162,0.164097344132367,0.00668165723564771
260,0.116742970172479,0.438205950989411,0.368868152207388,0.0357727531053253,0.0404101735253967
261,0.00618149350649351,0.00639710754837517,0.0133958073095562,0.353875609891221,0.620149981744354
262,0.242759811844448,0.520612193005927,0.0733228643868953,0.0832711877781059,0.0800339429846231
263,0.00146711918897274,0.00985327009591716,0.109196589930999,0.629940688478671,0.249542332305443
264,0.121814818691013,0.364753483135001,0.289141860782196,0.134868659954877,0.0894211774369128
265,0.0453735067436719,0.684191398258226,0.175048259473467,0.0565521685493637,0.0388346669752738
266,0.013828731962482,0.0927611776377219,0.126555161872441,0.353841357139592,0.413013571387762
267,0.096606204517273,0.407250881362394,0.425295155732595,0.0591377364515133,0.011710021936225
268,0.0631968917519981,0.254495576306286,0.486898967145784,0.178019688787048,0.0173888760088833
269,0.226004631711858,0.685587990689033,0.0630889741784103,0.0197166144443097,0.00560178897639004
270,0.0849036862063442,0.232483670525041,0.624858257162349,0.0402734514284915,0.0174809346777754
271,0.0886645344110717,0.19517949616556,0.264583519427951,0.165233670942837,0.286338779052581
272,0.0205771937641108,0.440600632057694,0.260039903377749,0.260043648840067,0.0187386219603784
273,0.00745835250534709,0.0271979613618766,0.0351863815912763,0.378561507110467,0.551595797431033
274,0.0054004194482685,0.0162392583014853,0.0334129753625366,0.119004151622566,0.825943195265144
275,0.00662069963104868,0.0772033402979203,0.0586329316522087,0.121054825784529,0.736488202634294
276,0.0803446344012831,0.0838924314164132,0.797467439581607,0.0371808894837229,0.00111460511697671
277,0.0687637760603061,0.132047085973864,0.35392196827724,0.252619760445892,0.192647409242698
278,0.0239366616659157,0.166674234329683,0.426443915306032,0.259824777144697,0.123120411553672
279,0.0449511966873254,0.578937338726283,0.285203790429681,0.0822774071496711,0.0086302670070396
280,0.331837768829123,0.52795285866288,0.110066227821976,0.0075448340614898,0.0225983106245316
281,0.00588100537599426,0.00656480421718403,0.0729915175253465,0.196444160496321,0.718118512385155
282,0.0281733211165496,0.223403388365214,0.213068642679316,0.195845051970854,0.339509595868066
283,0.932912868933014,0.0592516509947342,0.00618473225740668,0.00139317205727089,0.000257575757575758
284,0.0315285382069281,0.0616249271308012,0.0335666762008158,0.294766115742469,0.578513742718986
285,0.0608319389933023,0.0461827055209945,0.194866476595959,0.415538876337584,0.282580002552161
286,0.000342857142857143,1.56565656565657e-05,0.00487198123339153,0.160939767241831,0.833829737816265
287,0.19296001630714,0.225475378246397,0.4516396960891,0.0853019308857681,0.0446229784715952
288,0.0094988455988456,0.069858415845384,0.124430231647785,0.150492577753216,0.645719929154768
289,0.0077415947853889,0.0546831073151134,0.165519105962823,0.538856540665813,0.233199651270862
290,0.0108359607984608,0.0118300793650794,0.00839541245791246,0.0650135494135494,0.903924997964998
291,0.0344904132064799,0.166575719663696,0.462132845966133,0.245555027043476,0.0912459941202144
292,0.0436174361873513,0.599846637229982,0.272255284978778,0.0786009046520333,0.00567973695185486
293,0.223718202109304,0.37267244392518,0.172847973081579,0.217858933858388,0.0129024470255483
294,0.255798573324185,0.557503931631557,0.160616461928063,0.0130355198714453,0.0130455132447493
295,0.435286327648389,0.376213114575145,0.0674162717798779,0.107450149276032,0.0136341367205562
296,0.205031896982178,0.332714540554436,0.285570451903756,0.109298074585039,0.0673850359745919
297,0.274091598218477,0.42671955461517,0.20231684313986,0.0948717275174423,0.00200027650905136
298,0.012978958616173,0.170410789834954,0.340202857474109,0.429112036990611,0.0472953570841519
299,0.135810053480998,0.215799998644352,0.522655392718638,0.114114574117118,0.0116199810388941
300,0.000410917993211025,0.0848045621093269,0.193563663233265,0.708446510026473,0.0127743466377254
301,0.074172774958428,0.811073094186583,0.108596558405721,0.0061171698674811,4.04025817887841e-05
302,0.0556939191027329,0.505741120436271,0.382193186281845,0.0543438631276573,0.00202791105149519
303,0.00315846221009265,0.000256944444444444,0.00035,0.00205649131062175,0.994178102034841
304,0.0185517836239812,0.0417635398008177,0.546176205480737,0.224120020771703,0.169388450322762
305,0.00966849429444824,0.122535638748698,0.0813019074041892,0.373520721923996,0.41297323762867
306,0.00032521645021645,0.000375,0.0124508723316913,0.0377876870340613,0.949061224184032
307,0.0306014461602636,0.146632562217454,0.646687048718461,0.174199647083702,0.00187929582011942
308,0.00232302449965493,0.000247474747474747,0.00227299783549784,0.0105077043337098,0.984648798583663
309,0.158333650931166,0.318522165299509,0.356525060348942,0.153248430324741,0.0133706930956414
310,0.000480393217893218,0.00054614898989899,0.00887362264753295,0.223945869030809,0.766153966113867
311,0.00045341123792365,0.0108940963881526,0.0270382791433564,0.710512371936438,0.251101841294129
312,0.00523099617391961,0.0412050335014392,0.100182680405174,0.289651937673442,0.563729352246025
313,0.164119731148862,0.698183327019771,0.124028166049584,0.0130984660838358,0.0005703096979484
314,0.00422166891323946,0.0317406986101872,0.20071489595672,0.643962388419133,0.11936034810072
315,0.00693432462394424,0.0179992068355963,0.206804474203839,0.569849775173181,0.19841221916344
316,0.000898890233174192,0.0611399559743485,0.242880245556472,0.679746959176619,0.0153339490593867
317,0.0159640316159056,0.131887318974347,0.426349760357827,0.33121373904464,0.09458515000728
318,0.0649682369421728,0.12099890711528,0.517215167937969,0.275118201049387,0.0216994869551912
319,0.0224832841562757,0.0512055681151549,0.320565382543284,0.548085850273761,0.0576599149115239
320,0.104012799494026,0.657775322660991,0.228840112089546,0.00913770243522646,0.000234063320211828
321,0.121016200922848,0.5060767689714,0.286192530597025,0.0722385029843335,0.0144759965243936
322,0.00217921374169944,0.00114363479593743,0.0102309938184938,0.0446976313882421,0.941748526255628
323,0.176234478878035,0.505821806582832,0.193687302171687,0.113642560382049,0.0106138519853962
324,0.00713217893217893,0.000338226863226863,0.11596036126412,0.176665970251339,0.699903262689135
325,0.0285511159892739,0.030858102951853,0.0287381590631591,0.143672337516087,0.768180284479627
326,0.570175336765105,0.335212929709213,0.0561730957805017,0.0337242691798262,0.00471436856535518
327,0.131318987141743,0.308545954436051,0.463793478392537,0.0957829305670142,0.000558649462654182
328,0.0580659153418352,0.0765803607930829,0.0711920204155417,0.222542580742314,0.571619122707226
329,0.0475960152660927,0.512371716190085,0.256587322756091,0.160140467844477,0.0233044779432547
330,0.216070550510246,0.441559744695074,0.252041032527428,0.0732741228506303,0.0170545494166213
331,0.0135948842590821,0.117995914596513,0.235220368793482,0.520988074874954,0.112200757475968
332,0.0140875655778997,0.555674421449118,0.236945095210684,0.123708082475671,0.0695848352866267
333,0.00322802819190809,0.221607570954965,0.355791239096262,0.395374024348386,0.0239991374084792
334,0.0860402760017607,0.104405200947388,0.322763019724233,0.202712098426493,0.284079404900126
335,0.147714486987701,0.373793913750203,0.274295695136727,0.170451615576616,0.0337442885487529
336,0.116193730070743,0.249343258090393,0.260724943467301,0.316876162000637,0.0568619063709247
337,0.0557194717515213,0.193496375158662,0.261787876454556,0.208125650498926,0.280870626136334
338,0.310477756873222,0.594706144129619,0.0728649635038179,0.0170501563203347,0.00490097917300704
339,0.00127787828098989,0.0126218578358507,0.0659986028033268,0.218209310699828,0.701892350380004
340,0.00542967429307496,0.00041335492960493,0.00514373694534287,0.022976824173017,0.966036409658961
341,0.0024845413036595,0.0106150139978469,0.0271763652635354,0.285415782631901,0.674308296803058
342,0.472187273896427,0.444584393741871,0.0696155554677053,0.00780488264353779,0.0058078942504587
343,0.217536089107725,0.469777670102633,0.263469203092178,0.0216739388396137,0.0275430988578509
344,0.00198569159335288,0.0260909649364073,0.107159550356834,0.213215148093235,0.651548645020171
345,0.0325231475324144,0.0148843950750614,0.174849938897926,0.315533270449816,0.462209248044782
346,0.0156625969755367,0.105190766971803,0.588117433086407,0.244024483251017,0.0470047197152354
347,0.00160244023083006,0.0111176242553885,0.0403250689237598,0.18959933019054,0.757355536399482
348,0.158773502147434,0.273066040242798,0.386882609391987,0.130846596796089,0.0504312514216911
349,0.323163447594199,0.500799044820134,0.119681495033548,0.0286792107326774,0.0276768018194419
350,0.031141720900454,0.189235569314886,0.412436855041342,0.315885125316889,0.051300729426428
351,0.000394212778188388,0.0550419112363648,0.0876593459130121,0.810904113387748,0.0460004166846882
352,0.00167475962708219,0.0131910452411386,0.333786938973485,0.593287095605348,0.0580601605529456
353,0.1800576266701,0.380878916543559,0.24489585965637,0.150446613285864,0.0437209838441057
354,8.34945196647324e-06,0.00166699099991722,0.0956689413767174,0.541499634227051,0.361156083944349
355,0.140259981454085,0.256627171495068,0.345628078812425,0.170083479283933,0.087401288954488
356,0.000671067821067821,0.00080995670995671,0.0334349792996378,0.0950360911325392,0.8700479050368
357,0.247531864632347,0.523738562712234,0.194749712338004,0.0329711247952482,0.00100873552216698
358,0.00278662829174576,0.0139563355473046,0.0885277251178252,0.57041884058656,0.324310470456564
359,0.0761481719114794,0.642215544068789,0.241432097037207,0.0364523632791627,0.00375182370336204
360,0.00854807016938713,0.0410289882547018,0.0660226426809979,0.349638382607982,0.53476191628693
361,0.0471131224528862,0.341805160619981,0.390053125544173,0.199790889386225,0.0212377019967355
362,0.00219761869675663,0.00583779750261184,0.102933657267525,0.595467300429494,0.293563626103611
363,0.24687832317842,0.394918785875348,0.251585942450468,0.0838490041922131,0.0227679443035499
364,0.0457217754547958,0.0935602453102454,0.244876600432606,0.455439291215698,0.160402087586655
365,0.0166222487333168,0.0847725073911196,0.10103593604649,0.415480477589935,0.382088830239139
366,0.000101921928028707,0.0492468364581027,0.662770303294526,0.285221486675506,0.00265945164383788
367,0.0469708028083029,0.395905053280054,0.360234528897029,0.137903874366374,0.0589857406482407
368,0.188366174470796,0.364964822650069,0.330505904925092,0.0941166731975679,0.0220464247564749
369,0.321037941918138,0.442663810672097,0.182541328032314,0.0415980892936289,0.0121588300838218
370,0.139114193078381,0.545655468695685,0.17821931016214,0.0875568346589189,0.0494541934048758
371,0.0566794775940362,0.211129729501719,0.207261256752862,0.376897239906802,0.148032296244581
372,0.0118126688914411,0.218701540720943,0.568445052669747,0.188786015978796,0.0122547217390725
373,0.107672646045383,0.295515432260079,0.348317739011064,0.240495003798348,0.00799917888512346
374,0.00813082979112391,0.115713165633034,0.113535981251436,0.277051188503382,0.485568834821025
375,0.0199335304224815,0.174929710591984,0.447413623708835,0.308375377160717,0.0493477581159823
376,0.0661495257173141,0.147625478609363,0.207516292018205,0.14643580052203,0.432272903133088
377,0.139323473988547,0.745285777320604,0.0495529632034036,0.0322285962503175,0.0336091892371286
378,0,0.000917036001728515,0.014234008770884,0.116204033664831,0.868644921562557
379,0.0207150989963335,0.0774951225361939,0.168287416822099,0.338428630144743,0.395073731500631
380,0.0262098823820343,0.302493143582409,0.485548451447563,0.118373368792207,0.0673751537957854
381,0.0928381306933532,0.23227710268178,0.461331711688533,0.204298504164524,0.00925455077180883
382,0.0211384327708269,0.00555284208531086,0.0390571572357869,0.40280630621891,0.531445261689164
383,0.00567790821092844,0.00458123891653303,0.00370552630270838,0.328154139820988,0.657881186748842
384,0.165877308717091,0.281819538983895,0.307602530855817,0.20632519332942,0.0383754281137777
385,0.218454136472139,0.286419485757773,0.279658430711387,0.162392966805138,0.0530749802535625
386,0.299454795726365,0.367120985924568,0.29018507004607,0.035503247212717,0.00773590109027983
387,0.0791223778336686,0.174290135429561,0.635808737575578,0.0964921016642838,0.0142866474969094
388,0.0194350520166416,0.223266530069312,0.61407487188059,0.139166173632584,0.00405737240087304
389,0.302892351464886,0.513531586799924,0.144819552084813,0.027016529342756,0.0117399803076204
390,0.362608154458308,0.591756990301588,0.0375688411617209,0.00755071295793543,0.000515301120448179
391,0.122775018828882,0.357286246249316,0.37553890235441,0.128484411667363,0.0159154209000291
392,0.34729099122345,0.383457352933845,0.264997294765553,0.00221166899495489,0.00204269208219821
393,0.0657830200088388,0.076094693102513,0.271102127823095,0.501069503498644,0.0859506555669079
394,0.201291379900487,0.562412404182092,0.131970751407566,0.0923318084597874,0.0119936560500686
395,0.0532671262581929,0.324322826119245,0.460133058811786,0.123894451267945,0.0383825375428311
396,0.00128279220779221,0.00333849979385694,0.0365364129917702,0.268241183100095,0.690601111906487
397,0.396160253641732,0.557690757191444,0.0363988317733393,0.00432452216359861,0.00542563522988552
398,0.0806987993722755,0.295238637558793,0.351587031972023,0.138662390905793,0.133813140191116
399,0.0109129611467766,0.0225431226153731,0.0521876595801528,0.349391634863744,0.564964621793953
400,0.161377713558642,0.436693343929486,0.329827894776971,0.0647330162262876,0.00736803150861348
401,0.17430445620537,0.715418860058435,0.0730777037551646,0.0230370627116658,0.0141619172693648
402,0.0237776237828014,0.0946843195750076,0.134571860218133,0.521346969762301,0.225619226661756
403,0.0208118145743146,0.0331928751803752,0.0312275432900433,0.0888361291486292,0.825931637806638
404,0.329632477271734,0.504224026155314,0.125623978074669,0.0233527118068994,0.0171668066913831
405,0.0713865186392982,0.179812144563773,0.15366862396391,0.483796386480504,0.111336326352515
406,1.79111721611722e-05,0.00722500620116265,0.0797692350280008,0.421413920277198,0.491573927321478
407,0.473113950434576,0.326919817993673,0.0845799017396549,0.0684956862808511,0.0468906435512448
408,0.123729162572864,0.265731626600881,0.276103161937905,0.283419956407225,0.051016092481125
409,0.0323362825453366,0.803618105535699,0.0637529039975673,0.0795472417813224,0.0207454661400752
410,0.00367089761292347,0.0424793322418323,0.156453074085874,0.330344602922342,0.467052093137029
411,0.0267072278343581,0.527855860826722,0.166681658273621,0.11402047748488,0.164734775580419
412,0.0957671420741546,0.642548567238309,0.186135078622175,0.0489214686678047,0.0266277433975583
413,0.00443446141805464,0.0151352099867754,0.150515841510503,0.731883671452,0.0980308156326688
414,0.0128622008834068,0.0432626954483246,0.465162236488074,0.397517044123733,0.0811958230564614
415,0.104567576941526,0.617649039285572,0.211871818763461,0.0647816387654159,0.00112992624402526
